1223412341234
1223412341234
1223412341234
1223412341234
1223412341234
1223412341234
1223412341234
1223412341234
1223412341234
1223412341234
1223412341234
1223412341234
1223412341234
1223412341234
1223412341234
1223412341234
1223412341234
1223412341234
1223412341234
1223412341234
1223412341234
1223412341234
1223412341234
1223412341234
1223412341234
1223412341234
1223412341234
1223412341234
1223412341234
1223412341234
1223412341234
1223412341234
1223412341234
1223412341234
1223412341234
1223412341234
1223412341234
1223412341234
1223412341234
1223412341234
1223412341234
1223412341234
1223412341234
1223412341234
1223412341234
1223412341234
1223412341234
1223412341234
1223412341234
1223412341234
1223412341234
1223412341234
1223412341234
1223412341234
1223412341234
1223412341234
1223412341234
1223412341234
1223412341234
1223412341234
1223412341234
1223412341234
1223412341234
1223412341234
1223412341234
1223412341234
1223412341234
1223412341234
1223412341234
1223412341234
1223412341234
1223412341234
1223412341234
1223412341234
1223412341234
1223412341234
1223412341234
1223412341234
1223412341234
1223412341234
1223412341234
1223412341234
1223412341234
1223412341234
1223412341234
1223412341234
1223412341234
1223412341234
1223412341234
1223412341234
1223412341234
1223412341234
1223412341234
1223412341234
1223412341234
1223412341234
1223412341234
12234123
123
123412
